{
 "cells": [
  {
   "cell_type": "markdown",
   "metadata": {},
   "source": [
    "Load Market Data"
   ]
  },
  {
   "cell_type": "code",
   "execution_count": 1,
   "metadata": {},
   "outputs": [],
   "source": [
    "import pandas as pd\n",
    "\n",
    "# Load the Excel file\n",
    "file_path = \"C:/Users/tanishk.deoghare/OneDrive - Angel Oak Capital Advisors/Desktop/Libor Market Models/LiborMarketModels/Input Curves 3.xlsx\"\n",
    "xls = pd.ExcelFile(file_path)"
   ]
  },
  {
   "cell_type": "code",
   "execution_count": 2,
   "metadata": {},
   "outputs": [],
   "source": [
    "# Extract data from each sheet into separate dataframes\n",
    "df_us_dollar_swaps = pd.read_excel(xls, sheet_name='US Dollar Swaps')\n",
    "# df_us_treasury_active_curve = pd.read_excel(xls, sheet_name='US Treasury Active Curve')\n",
    "df_ir_atm_vol_curve = pd.read_excel(xls, sheet_name='IR ATM Vol Curve')\n",
    "df_ir_vol_skew_curve = pd.read_excel(xls, sheet_name='IR Vol Skew Curve')\n",
    "df_ir_atm_vol_corr = pd.read_excel(xls, sheet_name='IR Vol Corr Matrix')"
   ]
  },
  {
   "cell_type": "code",
   "execution_count": 3,
   "metadata": {},
   "outputs": [
    {
     "data": {
      "text/html": [
       "<div>\n",
       "<style scoped>\n",
       "    .dataframe tbody tr th:only-of-type {\n",
       "        vertical-align: middle;\n",
       "    }\n",
       "\n",
       "    .dataframe tbody tr th {\n",
       "        vertical-align: top;\n",
       "    }\n",
       "\n",
       "    .dataframe thead th {\n",
       "        text-align: right;\n",
       "    }\n",
       "</style>\n",
       "<table border=\"1\" class=\"dataframe\">\n",
       "  <thead>\n",
       "    <tr style=\"text-align: right;\">\n",
       "      <th></th>\n",
       "      <th>Tenors</th>\n",
       "      <th>1Yr</th>\n",
       "      <th>2Yr</th>\n",
       "      <th>3Yr</th>\n",
       "      <th>4Yr</th>\n",
       "      <th>5Yr</th>\n",
       "      <th>10Yr</th>\n",
       "      <th>15Yr</th>\n",
       "      <th>30Yr</th>\n",
       "    </tr>\n",
       "  </thead>\n",
       "  <tbody>\n",
       "    <tr>\n",
       "      <th>0</th>\n",
       "      <td>1Yr</td>\n",
       "      <td>4.3540</td>\n",
       "      <td>3.9602</td>\n",
       "      <td>3.8389</td>\n",
       "      <td>3.8324</td>\n",
       "      <td>3.8745</td>\n",
       "      <td>4.0666</td>\n",
       "      <td>3.9192</td>\n",
       "      <td>2.4386</td>\n",
       "    </tr>\n",
       "    <tr>\n",
       "      <th>1</th>\n",
       "      <td>2Yr</td>\n",
       "      <td>4.1617</td>\n",
       "      <td>3.9006</td>\n",
       "      <td>3.8358</td>\n",
       "      <td>3.8531</td>\n",
       "      <td>3.8890</td>\n",
       "      <td>4.0721</td>\n",
       "      <td>3.9139</td>\n",
       "      <td>2.4419</td>\n",
       "    </tr>\n",
       "    <tr>\n",
       "      <th>2</th>\n",
       "      <td>3Yr</td>\n",
       "      <td>4.0583</td>\n",
       "      <td>3.8787</td>\n",
       "      <td>3.8482</td>\n",
       "      <td>3.8695</td>\n",
       "      <td>3.9067</td>\n",
       "      <td>4.0854</td>\n",
       "      <td>3.9122</td>\n",
       "      <td>2.4408</td>\n",
       "    </tr>\n",
       "    <tr>\n",
       "      <th>3</th>\n",
       "      <td>4Yr</td>\n",
       "      <td>4.0048</td>\n",
       "      <td>3.8752</td>\n",
       "      <td>3.8615</td>\n",
       "      <td>3.8817</td>\n",
       "      <td>3.9249</td>\n",
       "      <td>4.0920</td>\n",
       "      <td>3.9113</td>\n",
       "      <td>2.4387</td>\n",
       "    </tr>\n",
       "    <tr>\n",
       "      <th>4</th>\n",
       "      <td>5Yr</td>\n",
       "      <td>3.9806</td>\n",
       "      <td>3.8807</td>\n",
       "      <td>3.8768</td>\n",
       "      <td>3.9050</td>\n",
       "      <td>3.9448</td>\n",
       "      <td>4.0959</td>\n",
       "      <td>3.9128</td>\n",
       "      <td>2.4387</td>\n",
       "    </tr>\n",
       "  </tbody>\n",
       "</table>\n",
       "</div>"
      ],
      "text/plain": [
       "  Tenors     1Yr     2Yr     3Yr     4Yr     5Yr    10Yr    15Yr    30Yr\n",
       "0    1Yr  4.3540  3.9602  3.8389  3.8324  3.8745  4.0666  3.9192  2.4386\n",
       "1    2Yr  4.1617  3.9006  3.8358  3.8531  3.8890  4.0721  3.9139  2.4419\n",
       "2    3Yr  4.0583  3.8787  3.8482  3.8695  3.9067  4.0854  3.9122  2.4408\n",
       "3    4Yr  4.0048  3.8752  3.8615  3.8817  3.9249  4.0920  3.9113  2.4387\n",
       "4    5Yr  3.9806  3.8807  3.8768  3.9050  3.9448  4.0959  3.9128  2.4387"
      ]
     },
     "execution_count": 3,
     "metadata": {},
     "output_type": "execute_result"
    }
   ],
   "source": [
    "df_us_dollar_swaps.head()"
   ]
  },
  {
   "cell_type": "code",
   "execution_count": 4,
   "metadata": {},
   "outputs": [
    {
     "data": {
      "text/html": [
       "<div>\n",
       "<style scoped>\n",
       "    .dataframe tbody tr th:only-of-type {\n",
       "        vertical-align: middle;\n",
       "    }\n",
       "\n",
       "    .dataframe tbody tr th {\n",
       "        vertical-align: top;\n",
       "    }\n",
       "\n",
       "    .dataframe thead th {\n",
       "        text-align: right;\n",
       "    }\n",
       "</style>\n",
       "<table border=\"1\" class=\"dataframe\">\n",
       "  <thead>\n",
       "    <tr style=\"text-align: right;\">\n",
       "      <th></th>\n",
       "      <th>Tenors</th>\n",
       "      <th>1Yr</th>\n",
       "      <th>2Yr</th>\n",
       "      <th>3Yr</th>\n",
       "      <th>4Yr</th>\n",
       "      <th>5Yr</th>\n",
       "      <th>10Yr</th>\n",
       "      <th>15Yr</th>\n",
       "      <th>30Yr</th>\n",
       "    </tr>\n",
       "  </thead>\n",
       "  <tbody>\n",
       "    <tr>\n",
       "      <th>0</th>\n",
       "      <td>1Yr</td>\n",
       "      <td>4.3540</td>\n",
       "      <td>3.9602</td>\n",
       "      <td>3.8389</td>\n",
       "      <td>3.8324</td>\n",
       "      <td>3.8745</td>\n",
       "      <td>4.0666</td>\n",
       "      <td>3.9192</td>\n",
       "      <td>2.4386</td>\n",
       "    </tr>\n",
       "    <tr>\n",
       "      <th>1</th>\n",
       "      <td>2Yr</td>\n",
       "      <td>4.1617</td>\n",
       "      <td>3.9006</td>\n",
       "      <td>3.8358</td>\n",
       "      <td>3.8531</td>\n",
       "      <td>3.8890</td>\n",
       "      <td>4.0721</td>\n",
       "      <td>3.9139</td>\n",
       "      <td>2.4419</td>\n",
       "    </tr>\n",
       "    <tr>\n",
       "      <th>2</th>\n",
       "      <td>3Yr</td>\n",
       "      <td>4.0583</td>\n",
       "      <td>3.8787</td>\n",
       "      <td>3.8482</td>\n",
       "      <td>3.8695</td>\n",
       "      <td>3.9067</td>\n",
       "      <td>4.0854</td>\n",
       "      <td>3.9122</td>\n",
       "      <td>2.4408</td>\n",
       "    </tr>\n",
       "    <tr>\n",
       "      <th>3</th>\n",
       "      <td>4Yr</td>\n",
       "      <td>4.0048</td>\n",
       "      <td>3.8752</td>\n",
       "      <td>3.8615</td>\n",
       "      <td>3.8817</td>\n",
       "      <td>3.9249</td>\n",
       "      <td>4.0920</td>\n",
       "      <td>3.9113</td>\n",
       "      <td>2.4387</td>\n",
       "    </tr>\n",
       "    <tr>\n",
       "      <th>4</th>\n",
       "      <td>5Yr</td>\n",
       "      <td>3.9806</td>\n",
       "      <td>3.8807</td>\n",
       "      <td>3.8768</td>\n",
       "      <td>3.9050</td>\n",
       "      <td>3.9448</td>\n",
       "      <td>4.0959</td>\n",
       "      <td>3.9128</td>\n",
       "      <td>2.4387</td>\n",
       "    </tr>\n",
       "    <tr>\n",
       "      <th>5</th>\n",
       "      <td>10Yr</td>\n",
       "      <td>3.9817</td>\n",
       "      <td>3.9424</td>\n",
       "      <td>3.9567</td>\n",
       "      <td>3.9841</td>\n",
       "      <td>4.0133</td>\n",
       "      <td>4.0128</td>\n",
       "      <td>3.6703</td>\n",
       "      <td>2.4388</td>\n",
       "    </tr>\n",
       "    <tr>\n",
       "      <th>6</th>\n",
       "      <td>15Yr</td>\n",
       "      <td>4.0058</td>\n",
       "      <td>3.9679</td>\n",
       "      <td>3.9677</td>\n",
       "      <td>3.9760</td>\n",
       "      <td>3.9858</td>\n",
       "      <td>3.8382</td>\n",
       "      <td>3.5006</td>\n",
       "      <td>2.2251</td>\n",
       "    </tr>\n",
       "    <tr>\n",
       "      <th>7</th>\n",
       "      <td>30Yr</td>\n",
       "      <td>3.7837</td>\n",
       "      <td>3.7232</td>\n",
       "      <td>3.6853</td>\n",
       "      <td>3.6510</td>\n",
       "      <td>3.6155</td>\n",
       "      <td>3.3840</td>\n",
       "      <td>2.9840</td>\n",
       "      <td>2.0082</td>\n",
       "    </tr>\n",
       "  </tbody>\n",
       "</table>\n",
       "</div>"
      ],
      "text/plain": [
       "  Tenors     1Yr     2Yr     3Yr     4Yr     5Yr    10Yr    15Yr    30Yr\n",
       "0    1Yr  4.3540  3.9602  3.8389  3.8324  3.8745  4.0666  3.9192  2.4386\n",
       "1    2Yr  4.1617  3.9006  3.8358  3.8531  3.8890  4.0721  3.9139  2.4419\n",
       "2    3Yr  4.0583  3.8787  3.8482  3.8695  3.9067  4.0854  3.9122  2.4408\n",
       "3    4Yr  4.0048  3.8752  3.8615  3.8817  3.9249  4.0920  3.9113  2.4387\n",
       "4    5Yr  3.9806  3.8807  3.8768  3.9050  3.9448  4.0959  3.9128  2.4387\n",
       "5   10Yr  3.9817  3.9424  3.9567  3.9841  4.0133  4.0128  3.6703  2.4388\n",
       "6   15Yr  4.0058  3.9679  3.9677  3.9760  3.9858  3.8382  3.5006  2.2251\n",
       "7   30Yr  3.7837  3.7232  3.6853  3.6510  3.6155  3.3840  2.9840  2.0082"
      ]
     },
     "execution_count": 4,
     "metadata": {},
     "output_type": "execute_result"
    }
   ],
   "source": [
    "df_us_dollar_swaps"
   ]
  },
  {
   "cell_type": "code",
   "execution_count": 5,
   "metadata": {},
   "outputs": [
    {
     "data": {
      "text/html": [
       "<div>\n",
       "<style scoped>\n",
       "    .dataframe tbody tr th:only-of-type {\n",
       "        vertical-align: middle;\n",
       "    }\n",
       "\n",
       "    .dataframe tbody tr th {\n",
       "        vertical-align: top;\n",
       "    }\n",
       "\n",
       "    .dataframe thead th {\n",
       "        text-align: right;\n",
       "    }\n",
       "</style>\n",
       "<table border=\"1\" class=\"dataframe\">\n",
       "  <thead>\n",
       "    <tr style=\"text-align: right;\">\n",
       "      <th></th>\n",
       "      <th>Expiry</th>\n",
       "      <th>1Yr</th>\n",
       "      <th>2Yr</th>\n",
       "      <th>3Yr</th>\n",
       "      <th>4Yr</th>\n",
       "      <th>5Yr</th>\n",
       "      <th>10Yr</th>\n",
       "      <th>15Yr</th>\n",
       "      <th>30Yr</th>\n",
       "    </tr>\n",
       "  </thead>\n",
       "  <tbody>\n",
       "    <tr>\n",
       "      <th>0</th>\n",
       "      <td>1Yr</td>\n",
       "      <td>119.65</td>\n",
       "      <td>119.21</td>\n",
       "      <td>116.26</td>\n",
       "      <td>113.80</td>\n",
       "      <td>111.66</td>\n",
       "      <td>104.10</td>\n",
       "      <td>99.61</td>\n",
       "      <td>92.21</td>\n",
       "    </tr>\n",
       "    <tr>\n",
       "      <th>1</th>\n",
       "      <td>2Yr</td>\n",
       "      <td>118.18</td>\n",
       "      <td>115.87</td>\n",
       "      <td>112.90</td>\n",
       "      <td>110.99</td>\n",
       "      <td>108.89</td>\n",
       "      <td>101.66</td>\n",
       "      <td>97.30</td>\n",
       "      <td>90.59</td>\n",
       "    </tr>\n",
       "    <tr>\n",
       "      <th>2</th>\n",
       "      <td>3Yr</td>\n",
       "      <td>114.19</td>\n",
       "      <td>112.11</td>\n",
       "      <td>109.68</td>\n",
       "      <td>107.86</td>\n",
       "      <td>106.18</td>\n",
       "      <td>99.21</td>\n",
       "      <td>95.06</td>\n",
       "      <td>88.76</td>\n",
       "    </tr>\n",
       "    <tr>\n",
       "      <th>3</th>\n",
       "      <td>4Yr</td>\n",
       "      <td>110.58</td>\n",
       "      <td>108.03</td>\n",
       "      <td>105.98</td>\n",
       "      <td>104.63</td>\n",
       "      <td>103.14</td>\n",
       "      <td>96.72</td>\n",
       "      <td>92.76</td>\n",
       "      <td>87.12</td>\n",
       "    </tr>\n",
       "    <tr>\n",
       "      <th>4</th>\n",
       "      <td>5Yr</td>\n",
       "      <td>106.76</td>\n",
       "      <td>104.64</td>\n",
       "      <td>102.94</td>\n",
       "      <td>101.56</td>\n",
       "      <td>100.32</td>\n",
       "      <td>94.78</td>\n",
       "      <td>90.97</td>\n",
       "      <td>85.68</td>\n",
       "    </tr>\n",
       "  </tbody>\n",
       "</table>\n",
       "</div>"
      ],
      "text/plain": [
       "  Expiry     1Yr     2Yr     3Yr     4Yr     5Yr    10Yr   15Yr   30Yr\n",
       "0    1Yr  119.65  119.21  116.26  113.80  111.66  104.10  99.61  92.21\n",
       "1    2Yr  118.18  115.87  112.90  110.99  108.89  101.66  97.30  90.59\n",
       "2    3Yr  114.19  112.11  109.68  107.86  106.18   99.21  95.06  88.76\n",
       "3    4Yr  110.58  108.03  105.98  104.63  103.14   96.72  92.76  87.12\n",
       "4    5Yr  106.76  104.64  102.94  101.56  100.32   94.78  90.97  85.68"
      ]
     },
     "execution_count": 5,
     "metadata": {},
     "output_type": "execute_result"
    }
   ],
   "source": [
    "df_ir_atm_vol_curve.head()"
   ]
  },
  {
   "cell_type": "code",
   "execution_count": 6,
   "metadata": {},
   "outputs": [
    {
     "data": {
      "text/html": [
       "<div>\n",
       "<style scoped>\n",
       "    .dataframe tbody tr th:only-of-type {\n",
       "        vertical-align: middle;\n",
       "    }\n",
       "\n",
       "    .dataframe tbody tr th {\n",
       "        vertical-align: top;\n",
       "    }\n",
       "\n",
       "    .dataframe thead th {\n",
       "        text-align: right;\n",
       "    }\n",
       "</style>\n",
       "<table border=\"1\" class=\"dataframe\">\n",
       "  <thead>\n",
       "    <tr style=\"text-align: right;\">\n",
       "      <th></th>\n",
       "      <th>1Yr</th>\n",
       "      <th>2Yr</th>\n",
       "      <th>3Yr</th>\n",
       "      <th>4Yr</th>\n",
       "      <th>5Yr</th>\n",
       "      <th>10Yr</th>\n",
       "      <th>15Yr</th>\n",
       "      <th>30Yr</th>\n",
       "    </tr>\n",
       "  </thead>\n",
       "  <tbody>\n",
       "    <tr>\n",
       "      <th>0</th>\n",
       "      <td>119.65</td>\n",
       "      <td>119.21</td>\n",
       "      <td>116.26</td>\n",
       "      <td>113.80</td>\n",
       "      <td>111.66</td>\n",
       "      <td>104.10</td>\n",
       "      <td>99.61</td>\n",
       "      <td>92.21</td>\n",
       "    </tr>\n",
       "    <tr>\n",
       "      <th>1</th>\n",
       "      <td>118.18</td>\n",
       "      <td>115.87</td>\n",
       "      <td>112.90</td>\n",
       "      <td>110.99</td>\n",
       "      <td>108.89</td>\n",
       "      <td>101.66</td>\n",
       "      <td>97.30</td>\n",
       "      <td>90.59</td>\n",
       "    </tr>\n",
       "    <tr>\n",
       "      <th>2</th>\n",
       "      <td>114.19</td>\n",
       "      <td>112.11</td>\n",
       "      <td>109.68</td>\n",
       "      <td>107.86</td>\n",
       "      <td>106.18</td>\n",
       "      <td>99.21</td>\n",
       "      <td>95.06</td>\n",
       "      <td>88.76</td>\n",
       "    </tr>\n",
       "    <tr>\n",
       "      <th>3</th>\n",
       "      <td>110.58</td>\n",
       "      <td>108.03</td>\n",
       "      <td>105.98</td>\n",
       "      <td>104.63</td>\n",
       "      <td>103.14</td>\n",
       "      <td>96.72</td>\n",
       "      <td>92.76</td>\n",
       "      <td>87.12</td>\n",
       "    </tr>\n",
       "    <tr>\n",
       "      <th>4</th>\n",
       "      <td>106.76</td>\n",
       "      <td>104.64</td>\n",
       "      <td>102.94</td>\n",
       "      <td>101.56</td>\n",
       "      <td>100.32</td>\n",
       "      <td>94.78</td>\n",
       "      <td>90.97</td>\n",
       "      <td>85.68</td>\n",
       "    </tr>\n",
       "    <tr>\n",
       "      <th>5</th>\n",
       "      <td>94.19</td>\n",
       "      <td>92.08</td>\n",
       "      <td>90.25</td>\n",
       "      <td>89.03</td>\n",
       "      <td>87.68</td>\n",
       "      <td>82.73</td>\n",
       "      <td>79.16</td>\n",
       "      <td>75.71</td>\n",
       "    </tr>\n",
       "    <tr>\n",
       "      <th>6</th>\n",
       "      <td>83.48</td>\n",
       "      <td>82.28</td>\n",
       "      <td>80.82</td>\n",
       "      <td>79.44</td>\n",
       "      <td>77.97</td>\n",
       "      <td>73.16</td>\n",
       "      <td>70.06</td>\n",
       "      <td>67.60</td>\n",
       "    </tr>\n",
       "    <tr>\n",
       "      <th>7</th>\n",
       "      <td>70.06</td>\n",
       "      <td>69.75</td>\n",
       "      <td>68.49</td>\n",
       "      <td>67.24</td>\n",
       "      <td>65.84</td>\n",
       "      <td>59.32</td>\n",
       "      <td>58.56</td>\n",
       "      <td>57.98</td>\n",
       "    </tr>\n",
       "  </tbody>\n",
       "</table>\n",
       "</div>"
      ],
      "text/plain": [
       "      1Yr     2Yr     3Yr     4Yr     5Yr    10Yr   15Yr   30Yr\n",
       "0  119.65  119.21  116.26  113.80  111.66  104.10  99.61  92.21\n",
       "1  118.18  115.87  112.90  110.99  108.89  101.66  97.30  90.59\n",
       "2  114.19  112.11  109.68  107.86  106.18   99.21  95.06  88.76\n",
       "3  110.58  108.03  105.98  104.63  103.14   96.72  92.76  87.12\n",
       "4  106.76  104.64  102.94  101.56  100.32   94.78  90.97  85.68\n",
       "5   94.19   92.08   90.25   89.03   87.68   82.73  79.16  75.71\n",
       "6   83.48   82.28   80.82   79.44   77.97   73.16  70.06  67.60\n",
       "7   70.06   69.75   68.49   67.24   65.84   59.32  58.56  57.98"
      ]
     },
     "execution_count": 6,
     "metadata": {},
     "output_type": "execute_result"
    }
   ],
   "source": [
    "df_ir_atm_vol_curve.iloc[:,1:]"
   ]
  },
  {
   "cell_type": "code",
   "execution_count": 7,
   "metadata": {},
   "outputs": [],
   "source": [
    "# df_ir_atm_vol_curve[['Coupon','1Yr','2Yr','3Yr','4Yr','5Yr','10Yr','15Yr','30Yr']]"
   ]
  },
  {
   "cell_type": "code",
   "execution_count": 8,
   "metadata": {},
   "outputs": [
    {
     "data": {
      "text/html": [
       "<div>\n",
       "<style scoped>\n",
       "    .dataframe tbody tr th:only-of-type {\n",
       "        vertical-align: middle;\n",
       "    }\n",
       "\n",
       "    .dataframe tbody tr th {\n",
       "        vertical-align: top;\n",
       "    }\n",
       "\n",
       "    .dataframe thead th {\n",
       "        text-align: right;\n",
       "    }\n",
       "</style>\n",
       "<table border=\"1\" class=\"dataframe\">\n",
       "  <thead>\n",
       "    <tr style=\"text-align: right;\">\n",
       "      <th></th>\n",
       "      <th>Expiry</th>\n",
       "      <th>-300bps</th>\n",
       "      <th>-200bps</th>\n",
       "      <th>-100bps</th>\n",
       "      <th>-50bps</th>\n",
       "      <th>-25bps</th>\n",
       "      <th>ATM</th>\n",
       "      <th>25bps</th>\n",
       "      <th>50bps</th>\n",
       "      <th>100bps</th>\n",
       "      <th>200bps</th>\n",
       "      <th>300bps</th>\n",
       "    </tr>\n",
       "  </thead>\n",
       "  <tbody>\n",
       "    <tr>\n",
       "      <th>0</th>\n",
       "      <td>1Mo</td>\n",
       "      <td>155.88</td>\n",
       "      <td>132.50</td>\n",
       "      <td>109.27</td>\n",
       "      <td>100.23</td>\n",
       "      <td>97.62</td>\n",
       "      <td>96.96</td>\n",
       "      <td>98.51</td>\n",
       "      <td>102.05</td>\n",
       "      <td>113.10</td>\n",
       "      <td>141.18</td>\n",
       "      <td>170.60</td>\n",
       "    </tr>\n",
       "    <tr>\n",
       "      <th>1</th>\n",
       "      <td>3Mo</td>\n",
       "      <td>159.55</td>\n",
       "      <td>135.99</td>\n",
       "      <td>112.67</td>\n",
       "      <td>103.67</td>\n",
       "      <td>101.08</td>\n",
       "      <td>100.42</td>\n",
       "      <td>101.94</td>\n",
       "      <td>105.44</td>\n",
       "      <td>116.45</td>\n",
       "      <td>144.71</td>\n",
       "      <td>174.47</td>\n",
       "    </tr>\n",
       "    <tr>\n",
       "      <th>2</th>\n",
       "      <td>6Mo</td>\n",
       "      <td>140.06</td>\n",
       "      <td>123.42</td>\n",
       "      <td>108.70</td>\n",
       "      <td>104.32</td>\n",
       "      <td>103.57</td>\n",
       "      <td>104.03</td>\n",
       "      <td>105.71</td>\n",
       "      <td>108.52</td>\n",
       "      <td>116.68</td>\n",
       "      <td>138.15</td>\n",
       "      <td>161.71</td>\n",
       "    </tr>\n",
       "    <tr>\n",
       "      <th>3</th>\n",
       "      <td>9Mo</td>\n",
       "      <td>131.68</td>\n",
       "      <td>118.07</td>\n",
       "      <td>106.76</td>\n",
       "      <td>103.85</td>\n",
       "      <td>103.57</td>\n",
       "      <td>104.21</td>\n",
       "      <td>105.76</td>\n",
       "      <td>108.17</td>\n",
       "      <td>115.03</td>\n",
       "      <td>133.34</td>\n",
       "      <td>153.88</td>\n",
       "    </tr>\n",
       "    <tr>\n",
       "      <th>4</th>\n",
       "      <td>1Yr</td>\n",
       "      <td>122.34</td>\n",
       "      <td>112.18</td>\n",
       "      <td>104.59</td>\n",
       "      <td>103.15</td>\n",
       "      <td>103.30</td>\n",
       "      <td>104.10</td>\n",
       "      <td>105.53</td>\n",
       "      <td>107.56</td>\n",
       "      <td>113.13</td>\n",
       "      <td>128.05</td>\n",
       "      <td>145.20</td>\n",
       "    </tr>\n",
       "  </tbody>\n",
       "</table>\n",
       "</div>"
      ],
      "text/plain": [
       "  Expiry  -300bps  -200bps  -100bps  -50bps  -25bps     ATM   25bps   50bps  \\\n",
       "0    1Mo   155.88   132.50   109.27  100.23   97.62   96.96   98.51  102.05   \n",
       "1    3Mo   159.55   135.99   112.67  103.67  101.08  100.42  101.94  105.44   \n",
       "2    6Mo   140.06   123.42   108.70  104.32  103.57  104.03  105.71  108.52   \n",
       "3    9Mo   131.68   118.07   106.76  103.85  103.57  104.21  105.76  108.17   \n",
       "4    1Yr   122.34   112.18   104.59  103.15  103.30  104.10  105.53  107.56   \n",
       "\n",
       "   100bps  200bps  300bps  \n",
       "0  113.10  141.18  170.60  \n",
       "1  116.45  144.71  174.47  \n",
       "2  116.68  138.15  161.71  \n",
       "3  115.03  133.34  153.88  \n",
       "4  113.13  128.05  145.20  "
      ]
     },
     "execution_count": 8,
     "metadata": {},
     "output_type": "execute_result"
    }
   ],
   "source": [
    "df_ir_vol_skew_curve.head()"
   ]
  },
  {
   "cell_type": "code",
   "execution_count": 9,
   "metadata": {},
   "outputs": [
    {
     "name": "stdout",
     "output_type": "stream",
     "text": [
      "Correlation Matrix:\n"
     ]
    },
    {
     "data": {
      "text/html": [
       "<div>\n",
       "<style scoped>\n",
       "    .dataframe tbody tr th:only-of-type {\n",
       "        vertical-align: middle;\n",
       "    }\n",
       "\n",
       "    .dataframe tbody tr th {\n",
       "        vertical-align: top;\n",
       "    }\n",
       "\n",
       "    .dataframe thead th {\n",
       "        text-align: right;\n",
       "    }\n",
       "</style>\n",
       "<table border=\"1\" class=\"dataframe\">\n",
       "  <thead>\n",
       "    <tr style=\"text-align: right;\">\n",
       "      <th></th>\n",
       "      <th>1Yr</th>\n",
       "      <th>2Yr</th>\n",
       "      <th>3Yr</th>\n",
       "      <th>4Yr</th>\n",
       "      <th>5Yr</th>\n",
       "      <th>10Yr</th>\n",
       "      <th>15Yr</th>\n",
       "      <th>30Yr</th>\n",
       "    </tr>\n",
       "  </thead>\n",
       "  <tbody>\n",
       "    <tr>\n",
       "      <th>1Yr</th>\n",
       "      <td>1.000000</td>\n",
       "      <td>0.884014</td>\n",
       "      <td>0.755710</td>\n",
       "      <td>0.691515</td>\n",
       "      <td>0.674806</td>\n",
       "      <td>0.454232</td>\n",
       "      <td>0.403791</td>\n",
       "      <td>0.202167</td>\n",
       "    </tr>\n",
       "    <tr>\n",
       "      <th>2Yr</th>\n",
       "      <td>0.884014</td>\n",
       "      <td>1.000000</td>\n",
       "      <td>0.973796</td>\n",
       "      <td>0.946848</td>\n",
       "      <td>0.937162</td>\n",
       "      <td>0.777461</td>\n",
       "      <td>0.696879</td>\n",
       "      <td>0.567374</td>\n",
       "    </tr>\n",
       "    <tr>\n",
       "      <th>3Yr</th>\n",
       "      <td>0.755710</td>\n",
       "      <td>0.973796</td>\n",
       "      <td>1.000000</td>\n",
       "      <td>0.994547</td>\n",
       "      <td>0.990353</td>\n",
       "      <td>0.881651</td>\n",
       "      <td>0.798570</td>\n",
       "      <td>0.704911</td>\n",
       "    </tr>\n",
       "    <tr>\n",
       "      <th>4Yr</th>\n",
       "      <td>0.691515</td>\n",
       "      <td>0.946848</td>\n",
       "      <td>0.994547</td>\n",
       "      <td>1.000000</td>\n",
       "      <td>0.998377</td>\n",
       "      <td>0.917716</td>\n",
       "      <td>0.838706</td>\n",
       "      <td>0.756440</td>\n",
       "    </tr>\n",
       "    <tr>\n",
       "      <th>5Yr</th>\n",
       "      <td>0.674806</td>\n",
       "      <td>0.937162</td>\n",
       "      <td>0.990353</td>\n",
       "      <td>0.998377</td>\n",
       "      <td>1.000000</td>\n",
       "      <td>0.936749</td>\n",
       "      <td>0.863278</td>\n",
       "      <td>0.778322</td>\n",
       "    </tr>\n",
       "    <tr>\n",
       "      <th>10Yr</th>\n",
       "      <td>0.454232</td>\n",
       "      <td>0.777461</td>\n",
       "      <td>0.881651</td>\n",
       "      <td>0.917716</td>\n",
       "      <td>0.936749</td>\n",
       "      <td>1.000000</td>\n",
       "      <td>0.968835</td>\n",
       "      <td>0.881356</td>\n",
       "    </tr>\n",
       "    <tr>\n",
       "      <th>15Yr</th>\n",
       "      <td>0.403791</td>\n",
       "      <td>0.696879</td>\n",
       "      <td>0.798570</td>\n",
       "      <td>0.838706</td>\n",
       "      <td>0.863278</td>\n",
       "      <td>0.968835</td>\n",
       "      <td>1.000000</td>\n",
       "      <td>0.775807</td>\n",
       "    </tr>\n",
       "    <tr>\n",
       "      <th>30Yr</th>\n",
       "      <td>0.202167</td>\n",
       "      <td>0.567374</td>\n",
       "      <td>0.704911</td>\n",
       "      <td>0.756440</td>\n",
       "      <td>0.778322</td>\n",
       "      <td>0.881356</td>\n",
       "      <td>0.775807</td>\n",
       "      <td>1.000000</td>\n",
       "    </tr>\n",
       "  </tbody>\n",
       "</table>\n",
       "</div>"
      ],
      "text/plain": [
       "           1Yr       2Yr       3Yr       4Yr       5Yr      10Yr      15Yr  \\\n",
       "1Yr   1.000000  0.884014  0.755710  0.691515  0.674806  0.454232  0.403791   \n",
       "2Yr   0.884014  1.000000  0.973796  0.946848  0.937162  0.777461  0.696879   \n",
       "3Yr   0.755710  0.973796  1.000000  0.994547  0.990353  0.881651  0.798570   \n",
       "4Yr   0.691515  0.946848  0.994547  1.000000  0.998377  0.917716  0.838706   \n",
       "5Yr   0.674806  0.937162  0.990353  0.998377  1.000000  0.936749  0.863278   \n",
       "10Yr  0.454232  0.777461  0.881651  0.917716  0.936749  1.000000  0.968835   \n",
       "15Yr  0.403791  0.696879  0.798570  0.838706  0.863278  0.968835  1.000000   \n",
       "30Yr  0.202167  0.567374  0.704911  0.756440  0.778322  0.881356  0.775807   \n",
       "\n",
       "          30Yr  \n",
       "1Yr   0.202167  \n",
       "2Yr   0.567374  \n",
       "3Yr   0.704911  \n",
       "4Yr   0.756440  \n",
       "5Yr   0.778322  \n",
       "10Yr  0.881356  \n",
       "15Yr  0.775807  \n",
       "30Yr  1.000000  "
      ]
     },
     "execution_count": 9,
     "metadata": {},
     "output_type": "execute_result"
    }
   ],
   "source": [
    "import pandas as pd\n",
    "import numpy as np\n",
    "\n",
    "# Data from the table\n",
    "data = {\n",
    "    'Tenors': ['1Yr', '2Yr', '3Yr', '4Yr', '5Yr', '10Yr', '15Yr', '30Yr'],\n",
    "    '1Yr': [4.354, 4.1617, 4.0583, 4.0048, 3.9806, 3.9817, 4.0058, 3.7837],\n",
    "    '2Yr': [3.9602, 3.9006, 3.8787, 3.8752, 3.8807, 3.9424, 3.9679, 3.7232],\n",
    "    '3Yr': [3.8389, 3.8358, 3.8482, 3.8615, 3.8768, 3.9567, 3.9677, 3.6853],\n",
    "    '4Yr': [3.8324, 3.8531, 3.8695, 3.8817, 3.905, 3.9841, 3.976, 3.651],\n",
    "    '5Yr': [3.8745, 3.889, 3.9067, 3.9249, 3.9448, 4.0133, 3.9858, 3.6155],\n",
    "    '10Yr': [4.0666, 4.0721, 4.0854, 4.092, 4.0959, 4.0128, 3.8382, 3.384],\n",
    "    '15Yr': [3.9192, 3.9139, 3.9122, 3.9113, 3.9128, 3.6703, 3.5006, 2.984],\n",
    "    '30Yr': [2.4386, 2.4419, 2.4408, 2.4387, 2.4387, 2.4388, 2.2251, 2.0082]\n",
    "}\n",
    "\n",
    "# Creating DataFrame\n",
    "df = pd.DataFrame(data)\n",
    "\n",
    "# Calculate log returns\n",
    "log_returns = np.log(df.iloc[:, 1:] / df.iloc[:, 1:].shift(1))\n",
    "\n",
    "# Drop the first row because log returns will be NaN for the first observation\n",
    "log_returns = log_returns.dropna()\n",
    "\n",
    "# Compute the correlation matrix\n",
    "correlation_matrix = log_returns.corr()\n",
    "\n",
    "print(\"Correlation Matrix:\")\n",
    "correlation_matrix\n"
   ]
  },
  {
   "cell_type": "code",
   "execution_count": 10,
   "metadata": {},
   "outputs": [],
   "source": [
    "import pandas as pd\n",
    "\n",
    "# Data as provided by the user\n",
    "data = [\n",
    "    [1, 0.989631024, 0.961827666, 0.925019189, 0.883057414, 0.708175774, 0.701037988, 0.636869912],\n",
    "    [0.989631024, 1, 0.989940305, 0.965473539, 0.93208378, 0.770832664, 0.741904402, 0.672833134],\n",
    "    [0.961827666, 0.989940305, 1, 0.992167066, 0.972137142, 0.840834961, 0.783714285, 0.708048232],\n",
    "    [0.925019189, 0.965473539, 0.992167066, 1, 0.993626042, 0.897926876, 0.80222771, 0.706528544],\n",
    "    [0.883057414, 0.93208378, 0.972137142, 0.993626042, 1, 0.940556473, 0.843565858, 0.742117703],\n",
    "    [0.708175774, 0.770832664, 0.840834961, 0.897926876, 0.940556473, 1, 0.878103763, 0.766536803],\n",
    "    [0.701037988, 0.741904402, 0.783714285, 0.80222771, 0.843565858, 0.878103763, 1, 0.790955902],\n",
    "    [0.636869912, 0.672833134, 0.708048232, 0.706528544, 0.742117703, 0.766536803, 0.790955902, 1]\n",
    "]\n",
    "\n",
    "# Column and row labels\n",
    "labels = ['1Y', '2Y', '3Y', '4Y', '5Y', '10Y', '15Y', '30Y']\n",
    "\n",
    "# Creating the DataFrame\n",
    "df = pd.DataFrame(data, columns=labels, index=labels)\n",
    "# import ace_tools as tools; tools.display_dataframe_to_user(name=\"Interest Rate Correlation Matrix\", dataframe=df)\n",
    "\n"
   ]
  },
  {
   "cell_type": "code",
   "execution_count": 11,
   "metadata": {},
   "outputs": [],
   "source": [
    "correlation_matrix = df"
   ]
  },
  {
   "cell_type": "code",
   "execution_count": 12,
   "metadata": {},
   "outputs": [
    {
     "name": "stdout",
     "output_type": "stream",
     "text": [
      "Is the correlation matrix positive definite? False\n"
     ]
    }
   ],
   "source": [
    "import numpy as np\n",
    "import pandas as pd\n",
    "\n",
    "def make_positive_definite(matrix, epsilon=1e-4):\n",
    "    \"\"\" Adjust the matrix to be positive definite by adding a small value to the diagonal \"\"\"\n",
    "    matrix = matrix.copy()\n",
    "    np.fill_diagonal(matrix.values, matrix.values.diagonal() + epsilon)\n",
    "    return matrix\n",
    "\n",
    "# Ensure the correlation matrix is positive definite\n",
    "correlation_matrix_pd = make_positive_definite(correlation_matrix)\n",
    "\n",
    "# Verify if the adjusted matrix is positive definite\n",
    "def is_positive_definite(matrix):\n",
    "    \"\"\" Check if the matrix is positive definite \"\"\"\n",
    "    try:\n",
    "        np.linalg.cholesky(matrix)\n",
    "        return True\n",
    "    except np.linalg.LinAlgError:\n",
    "        return False\n",
    "\n",
    "print(\"Is the correlation matrix positive definite?\", is_positive_definite(correlation_matrix_pd))\n"
   ]
  },
  {
   "cell_type": "code",
   "execution_count": 13,
   "metadata": {},
   "outputs": [
    {
     "data": {
      "text/html": [
       "<div>\n",
       "<style scoped>\n",
       "    .dataframe tbody tr th:only-of-type {\n",
       "        vertical-align: middle;\n",
       "    }\n",
       "\n",
       "    .dataframe tbody tr th {\n",
       "        vertical-align: top;\n",
       "    }\n",
       "\n",
       "    .dataframe thead th {\n",
       "        text-align: right;\n",
       "    }\n",
       "</style>\n",
       "<table border=\"1\" class=\"dataframe\">\n",
       "  <thead>\n",
       "    <tr style=\"text-align: right;\">\n",
       "      <th></th>\n",
       "      <th>1Y</th>\n",
       "      <th>2Y</th>\n",
       "      <th>3Y</th>\n",
       "      <th>4Y</th>\n",
       "      <th>5Y</th>\n",
       "      <th>10Y</th>\n",
       "      <th>15Y</th>\n",
       "      <th>30Y</th>\n",
       "    </tr>\n",
       "  </thead>\n",
       "  <tbody>\n",
       "    <tr>\n",
       "      <th>1Y</th>\n",
       "      <td>1.000100</td>\n",
       "      <td>0.989631</td>\n",
       "      <td>0.961828</td>\n",
       "      <td>0.925019</td>\n",
       "      <td>0.883057</td>\n",
       "      <td>0.708176</td>\n",
       "      <td>0.701038</td>\n",
       "      <td>0.636870</td>\n",
       "    </tr>\n",
       "    <tr>\n",
       "      <th>2Y</th>\n",
       "      <td>0.989631</td>\n",
       "      <td>1.000100</td>\n",
       "      <td>0.989940</td>\n",
       "      <td>0.965474</td>\n",
       "      <td>0.932084</td>\n",
       "      <td>0.770833</td>\n",
       "      <td>0.741904</td>\n",
       "      <td>0.672833</td>\n",
       "    </tr>\n",
       "    <tr>\n",
       "      <th>3Y</th>\n",
       "      <td>0.961828</td>\n",
       "      <td>0.989940</td>\n",
       "      <td>1.000100</td>\n",
       "      <td>0.992167</td>\n",
       "      <td>0.972137</td>\n",
       "      <td>0.840835</td>\n",
       "      <td>0.783714</td>\n",
       "      <td>0.708048</td>\n",
       "    </tr>\n",
       "    <tr>\n",
       "      <th>4Y</th>\n",
       "      <td>0.925019</td>\n",
       "      <td>0.965474</td>\n",
       "      <td>0.992167</td>\n",
       "      <td>1.000100</td>\n",
       "      <td>0.993626</td>\n",
       "      <td>0.897927</td>\n",
       "      <td>0.802228</td>\n",
       "      <td>0.706529</td>\n",
       "    </tr>\n",
       "    <tr>\n",
       "      <th>5Y</th>\n",
       "      <td>0.883057</td>\n",
       "      <td>0.932084</td>\n",
       "      <td>0.972137</td>\n",
       "      <td>0.993626</td>\n",
       "      <td>1.000100</td>\n",
       "      <td>0.940556</td>\n",
       "      <td>0.843566</td>\n",
       "      <td>0.742118</td>\n",
       "    </tr>\n",
       "    <tr>\n",
       "      <th>10Y</th>\n",
       "      <td>0.708176</td>\n",
       "      <td>0.770833</td>\n",
       "      <td>0.840835</td>\n",
       "      <td>0.897927</td>\n",
       "      <td>0.940556</td>\n",
       "      <td>1.000100</td>\n",
       "      <td>0.878104</td>\n",
       "      <td>0.766537</td>\n",
       "    </tr>\n",
       "    <tr>\n",
       "      <th>15Y</th>\n",
       "      <td>0.701038</td>\n",
       "      <td>0.741904</td>\n",
       "      <td>0.783714</td>\n",
       "      <td>0.802228</td>\n",
       "      <td>0.843566</td>\n",
       "      <td>0.878104</td>\n",
       "      <td>1.000100</td>\n",
       "      <td>0.790956</td>\n",
       "    </tr>\n",
       "    <tr>\n",
       "      <th>30Y</th>\n",
       "      <td>0.636870</td>\n",
       "      <td>0.672833</td>\n",
       "      <td>0.708048</td>\n",
       "      <td>0.706529</td>\n",
       "      <td>0.742118</td>\n",
       "      <td>0.766537</td>\n",
       "      <td>0.790956</td>\n",
       "      <td>1.000100</td>\n",
       "    </tr>\n",
       "  </tbody>\n",
       "</table>\n",
       "</div>"
      ],
      "text/plain": [
       "           1Y        2Y        3Y        4Y        5Y       10Y       15Y  \\\n",
       "1Y   1.000100  0.989631  0.961828  0.925019  0.883057  0.708176  0.701038   \n",
       "2Y   0.989631  1.000100  0.989940  0.965474  0.932084  0.770833  0.741904   \n",
       "3Y   0.961828  0.989940  1.000100  0.992167  0.972137  0.840835  0.783714   \n",
       "4Y   0.925019  0.965474  0.992167  1.000100  0.993626  0.897927  0.802228   \n",
       "5Y   0.883057  0.932084  0.972137  0.993626  1.000100  0.940556  0.843566   \n",
       "10Y  0.708176  0.770833  0.840835  0.897927  0.940556  1.000100  0.878104   \n",
       "15Y  0.701038  0.741904  0.783714  0.802228  0.843566  0.878104  1.000100   \n",
       "30Y  0.636870  0.672833  0.708048  0.706529  0.742118  0.766537  0.790956   \n",
       "\n",
       "          30Y  \n",
       "1Y   0.636870  \n",
       "2Y   0.672833  \n",
       "3Y   0.708048  \n",
       "4Y   0.706529  \n",
       "5Y   0.742118  \n",
       "10Y  0.766537  \n",
       "15Y  0.790956  \n",
       "30Y  1.000100  "
      ]
     },
     "execution_count": 13,
     "metadata": {},
     "output_type": "execute_result"
    }
   ],
   "source": [
    "correlation_matrix_pd"
   ]
  },
  {
   "cell_type": "code",
   "execution_count": 14,
   "metadata": {},
   "outputs": [
    {
     "name": "stdout",
     "output_type": "stream",
     "text": [
      "Is the correlation matrix positive definite? True\n",
      "           1Y        2Y        3Y        4Y        5Y       10Y       15Y  \\\n",
      "1Y   1.000023  0.989591  0.961741  0.925171  0.883024  0.708144  0.701048   \n",
      "2Y   0.989591  1.000070  0.990091  0.965211  0.932142  0.770887  0.741888   \n",
      "3Y   0.961741  0.990091  1.000325  0.991600  0.972262  0.840953  0.783678   \n",
      "4Y   0.925171  0.965211  0.991600  1.000987  0.993408  0.897721  0.802290   \n",
      "5Y   0.883024  0.932142  0.972262  0.993408  1.000048  0.940602  0.843552   \n",
      "10Y  0.708144  0.770887  0.840953  0.897721  0.940602  1.000043  0.878091   \n",
      "15Y  0.701048  0.741888  0.783678  0.802290  0.843552  0.878091  1.000004   \n",
      "30Y  0.636878  0.672819  0.708017  0.706582  0.742106  0.766526  0.790959   \n",
      "\n",
      "          30Y  \n",
      "1Y   0.636878  \n",
      "2Y   0.672819  \n",
      "3Y   0.708017  \n",
      "4Y   0.706582  \n",
      "5Y   0.742106  \n",
      "10Y  0.766526  \n",
      "15Y  0.790959  \n",
      "30Y  1.000003  \n"
     ]
    }
   ],
   "source": [
    "import numpy as np\n",
    "import pandas as pd\n",
    "\n",
    "# Data as provided by the user\n",
    "data = [\n",
    "    [1, 0.989631024, 0.961827666, 0.925019189, 0.883057414, 0.708175774, 0.701037988, 0.636869912],\n",
    "    [0.989631024, 1, 0.989940305, 0.965473539, 0.93208378, 0.770832664, 0.741904402, 0.672833134],\n",
    "    [0.961827666, 0.989940305, 1, 0.992167066, 0.972137142, 0.840834961, 0.783714285, 0.708048232],\n",
    "    [0.925019189, 0.965473539, 0.992167066, 1, 0.993626042, 0.897926876, 0.80222771, 0.706528544],\n",
    "    [0.883057414, 0.93208378, 0.972137142, 0.993626042, 1, 0.940556473, 0.843565858, 0.742117703],\n",
    "    [0.708175774, 0.770832664, 0.840834961, 0.897926876, 0.940556473, 1, 0.878103763, 0.766536803],\n",
    "    [0.701037988, 0.741904402, 0.783714285, 0.80222771, 0.843565858, 0.878103763, 1, 0.790955902],\n",
